1.2303558994243795 -11.162248980199422 1.0
1.0261425188296163 16.097323094213934 1.0
1.1544228022240246 5.081676406913159 1.0
0.6442753212594606 -5.095380713317111 1.0
1.005900857038998 2.243427180255807 1.0
0.9795354746537598 12.198417632534015 1.0
0.6287432381754015 13.723242161166173 1.0
1.2707519431279528 -8.879463132934523 1.0
0.476559454330452 -10.824955363491366 1.0
0.916993761787235 -7.011162485762846 1.0
1.1717932631833983 1.1994661446758672 1.0
1.1450910408475832 -12.003856849595715 1.0
1.2068494483340615 -13.29830645106904 1.0
1.0343615475777954 3.0132425146889696 1.0
0.8774745367218394 10.5177950286416 1.0
0.9813307956340032 -1.5566648489370527 1.0
1.0305122832844364 4.4797158176487 1.0
1.210422713640403 -19.045027445930128 1.0
1.3461241353478344 6.744188943846334 1.0
0.975447263788878 7.272114968240061 1.0
0.8471185126143854 0.022827149244929852 1.0
0.8261486374143238 4.640247120647385 1.0
0.5536487118207148 -2.943176181460519 1.0
0.7556704990762191 11.149549859964113 1.0
0.9851966603142024 -25.6945238554878 1.0
0.8621263727175421 2.018827656917453 1.0
0.7197757824798644 14.82388418525719 1.0
0.8447511580557402 5.924162209373417 1.0
0.991904732155066 -9.424748624597758 1.0
1.045099149056388 -12.839002778337772 1.0
1.0119009251309683 -6.614696190293893 1.0
0.7443369862200518 -14.123304228401693 1.0
0.8531196100095199 4.599216167972166 1.0
0.7594255179848655 8.024012998416525 1.0
0.58757035137097 11.225785195664157 1.0
1.2422773014311843 7.852574157109298 1.0
0.9826149437201824 6.343713874316256 1.0
1.0161471549802699 5.403457955177279 1.0
1.1808992306813633 -0.14617619246852126 1.0
1.173786852888089 21.729393464903257 1.0
1.2176200416792295 -5.598777094836146 1.0
1.3312470328157588 0.9749177441838862 1.0
0.9580797906419278 -17.990172367065057 1.0
0.9740264826725314 3.144875612313265 1.0
1.061268752823659 8.326528884867065 1.0
0.8478650739652626 7.831940467403382 1.0
0.9429080905067851 -11.87343847222363 1.0
0.7761380969323681 -9.22310372925968 1.0
0.7686842763700205 -4.213094270907126 1.0
0.7851876500757898 -16.895469649739148 1.0
0.9158488855563942 -5.966193571393116 1.0
0.9845311833785484 -14.676213925743111 1.0
1.1062660524433563 3.4510390221865532 1.0
0.8531001644511532 0.5695770551014936 1.0
1.1286980272813567 -3.9601156258156034 1.0
0.9285132917422164 -1.23132495765185 1.0
1.0751201706458773 17.292429212216017 1.0
0.7359108299832343 17.727180632670855 1.0
0.9812418889572636 -7.832228487865547 1.0
1.2284982438478786 -2.4119910550316037 1.0
0.968632665266716 -5.495842777964862 1.0
0.8221163962762985 -20.26564753930061 1.0
1.3530013618814756 -7.890836979403862 1.0
1.2758835870501815 -4.0702294211766805 1.0
1.120146110492525 -5.254337202359399 1.0
1.2008653504383116 -4.359204746004359 1.0
1.0147425334214488 10.75277434857272 1.0
1.3055974150721275 2.0157442042243487 1.0
1.1145867028448024 9.134829839713369 1.0
0.9831385603290242 1.1327301889639179 1.0
1.2828145250360383 -17.770410743786393 1.0
0.780627424924407 -12.666531674078733 1.0
1.2441722852783934 6.096167988333926 1.0
0.9022375478989002 -14.352178633655939 1.0
1.0009637515628662 -12.100057687013834 1.0
1.3730174688884142 -11.553441160777101 1.0
1.2356550152868335 -4.917645118407153 1.0
1.3688526233537965 0.22427392467786286 1.0
0.8040114546816424 -4.6810048816753245 1.0
0.8998346730271263 -15.486936435679103 1.0
0.7819030758032067 2.591052688744591 1.0
1.0411439894187442 2.646328629021803 1.0
1.297855134758228 0.892850440205063 1.0
1.0711633708992383 1.3476249416440411 1.0
1.1379374631143588 6.387426287249433 1.0
1.2198137629992436 15.218642964975972 1.0
0.9066117977032924 14.198274440288845 1.0
1.1682908939283823 17.30703316660022 1.0
1.1003745251924346 3.9667550802058087 1.0
1.154099376203816 9.592071640137254 1.0
1.3019254928430188 13.238258849157232 1.0
0.7509170818080403 -7.448712578391047 1.0
0.8620492873123967 -1.069110348297727 1.0
1.5736521410945408 0.7242481384715878 1.0
1.3262436883612236 -10.100447536693762 1.0
1.2651428730906011 7.9344793442107 1.0
1.0110583117990775 9.48770909466651 1.0
0.8559124891276298 -5.696315040457447 1.0
0.9655132184094634 5.755009415957177 1.0
1.1684855665542595 -9.016262660303028 1.0
1.0129355776306739 -6.959688524037376 1.0
0.7639648090845668 -4.188097215034982 1.0
0.9298913908505932 -14.401057021979755 1.0
1.1895032297430141 -2.6229571961498404 1.0
0.9702491203281306 -16.65344797200277 1.0
0.9895980086010864 -7.1128311893525975 1.0
1.1864806018984193 -5.5277144031138015 1.0
1.0186420856197314 -8.081632595651175 1.0
0.9673076581436684 -8.800111107826126 1.0
1.2803477888047814 3.859427723954437 1.0
0.5154234638538149 1.2050864041544411 1.0
1.0333214620336428 -4.97468670069366 1.0
0.951165635169901 2.7442727634536954 1.0
0.809929412202501 -2.1415740936048526 1.0
0.8830088776432256 -22.20549219693608 1.0
1.1054918473266941 -12.949482270812169 1.0
0.7786414845837408 -6.70594749853801 1.0
0.9171783280803432 0.06838626149054669 1.0
0.9291182069416936 12.852687879301069 1.0
0.9708937138613016 -12.261703743658675 1.0
1.1964913208336951 -1.4752911059196763 1.0
1.1632858085532252 -10.480862870725144 1.0
0.7097389319827444 4.5481804076318495 1.0
0.8902843985484499 -0.20304615866244494 1.0
1.3870290108416112 10.681413708066163 1.0
1.081986328360376 3.6834347761897153 1.0
0.7656359694496568 -3.639542886155093 1.0
1.2293749693323601 -12.806816318937246 1.0
1.4329826021536076 -1.019499746943639 1.0
1.0123722770585537 27.345614749663504 1.0
0.9641153520762898 -10.986151359006723 1.0
1.0031069754579371 2.1995694234080387 1.0
1.1722698242544767 -12.159203443925128 1.0
1.0935863695696275 9.792342006235078 1.0
1.1603690547477232 5.777302341296359 1.0
0.9069519856982337 -1.0435948021303283 1.0
1.2663887409859083 -13.391146535274217 1.0
1.0440761311452094 -0.09631734408131684 1.0
1.005292061537485 6.005780378684991 1.0
0.8504279801989358 7.8781660796032495 1.0
1.439111788902654 -7.079297575347949 1.0
1.1787560446763032 -19.304783340323564 1.0
0.875633487958401 5.753142102176244 1.0
1.0682169026866632 -12.956019621332642 1.0
0.92608921951792 -2.4503936496547687 1.0
1.1073822929230874 0.08774110287705418 1.0
1.3156980516362056 0.002484483115273079 1.0
1.085094154726016 6.040132931119041 1.0
0.967425562177739 -8.325300345209206 1.0
0.8879437669782833 -7.801316701159679 1.0
1.4022535816996633 -4.9774737902975374 1.0
0.8386661499576381 -10.1121426246338 1.0
1.0798687201864272 9.942750243588986 1.0
1.1827412704942435 6.235274732627784 1.0
0.883802887797354 12.551630392373985 1.0
1.1847279107224002 10.358628931566985 1.0
1.06628646773585 10.761761053978034 1.0
1.0989583090074255 -0.7790485691539988 1.0
0.781757514113086 -6.088101160270347 1.0
0.8450319692491176 4.106555496368383 1.0
1.1007032955707674 -8.36011415498329 1.0
1.09720842057964 15.570857002677684 1.0
1.5122845423113012 1.6208437192760905 1.0
0.9154171105026406 -22.259060376183967 1.0
1.4118769380747556 -18.281512290367903 1.0
0.8886239547902894 -6.439365615209067 1.0
0.9021227189898215 -20.076868939494044 1.0
0.9146389973898312 10.717647991519284 1.0
1.20891164265918 5.876314711008932 1.0
1.12670522897649 -6.161963016585906 1.0
1.110833640432976 -18.74139551776667 1.0
0.7980335736530502 6.116854640737459 1.0
1.343663231225109 -11.921928511748925 1.0
1.1613484014828683 10.324836561486464 1.0
1.2542045280714216 -0.7597906659193213 1.0
0.8997442425101094 12.650149852495817 1.0
1.1438336478931057 0.053464494865858365 1.0
0.8558253100417746 -23.26471982456406 1.0
1.2229621089131062 -0.79851932042024 1.0
0.9217236249728143 1.4501120292810223 1.0
0.9763095786578316 -15.720732811125977 1.0
0.9671474157306224 -3.395984541417942 1.0
0.9669439305368244 -5.800026643402584 1.0
0.9855361185398618 6.861176390038005 1.0
1.203615151224224 -1.733145751730826 1.0
0.8193982467545062 0.2831436057029558 1.0
1.122566338110096 0.7183319433697076 1.0
0.7846220071630986 12.414256702203058 1.0
0.9249215110552794 21.244602774479237 1.0
0.9362463353933228 2.4908033156211395 1.0
1.0845524769773842 24.644525262216796 1.0
0.8832289470554437 -18.105409434626882 1.0
1.0642255052012657 -14.43391341471193 1.0
0.7813456887717753 -0.8443629202914913 1.0
1.1826970627387998 13.663087398430472 1.0
0.8003246415830579 -3.451377069178329 1.0
0.8131503885049741 -1.225273048066739 1.0
1.1914880690920175 -3.377612546334086 1.0
1.0502276614164048 14.64763329088908 1.0
0.7853969040355233 -19.86802644987081 1.0
1.1615140253417435 -5.07562914257639 1.0
0.8786503741135526 3.667425231958074 1.0
1.196087796804589 -11.037772992456302 1.0
1.1815539775349648 -3.5060682742816662 1.0
0.839959489122823 11.393556531248544 1.0
1.222761079441123 -1.7109265868498238 1.0
1.212080703203951 5.260351647806957 1.0
0.9824219600246697 5.263011596798815 1.0
0.8316287725532058 -6.240546347634817 1.0
0.9555298635370734 -9.874489549442112 1.0
0.642655183250473 12.337442521725487 1.0
0.9880861033692308 5.426225087505495 1.0
0.960923362439935 0.8691947844622689 1.0
1.1604092871899747 -0.7767821632056865 1.0
0.8759570557509916 -0.7712315626571418 1.0
1.1817523847145972 6.596840374523004 1.0
1.2947335093517327 -4.3702366468772 1.0
0.9301193338690746 -6.4301815259684885 1.0
0.6197579198918213 -4.08795510263278 1.0
0.944446979351351 0.005806809056392092 1.0
0.9826544890172624 -8.545089814444697 1.0
1.093801856711808 12.80065222318975 1.0
0.5073242026268283 8.652434104145497 1.0
1.0443085025369232 20.728758062643152 1.0
1.0388402625740902 -19.9239939257222 1.0
1.0576703713198263 0.06986049814507997 1.0
0.9127716819273538 -9.832474214130942 1.0
1.4679588118262603 0.7567052474247931 1.0
0.8906995023679519 -7.406194218743557 1.0
1.0967027111552703 8.714340358035079 1.0
0.9761970074017168 13.440975555650787 1.0
1.2830392185547184 1.725021720192768 1.0
1.0735414764279743 -0.30222787399006373 1.0
1.104066278365048 -15.536467599897712 1.0
0.8229129955658616 -13.79766913691817 1.0
0.6958759246539779 18.28155340274451 1.0
0.789996123067489 -8.287777593382438 1.0
1.3352902928865729 0.523855022833574 1.0
1.3772492798723583 -31.543224539316512 1.0
1.1318839505686382 -0.1875450506443728 1.0
0.981345093221042 -5.965981352891316 1.0
0.8858382749775976 6.495748958297188 1.0
1.1054474627679942 -4.737729455632702 1.0
0.737800562714277 -3.1104085821735605 1.0
1.1580095998221007 5.159953061230618 1.0
0.954850109173602 6.133791485887756 1.0
0.7939452412876052 0.2791014762859593 1.0
1.28826526277563 -3.5486562193575772 1.0
1.2111641680795164 -3.372337667021253 1.0
0.7129527934272575 -3.7469178951443856 1.0
1.1011665796284336 20.38713254386592 1.0
1.0310184073299948 -7.644443682803693 1.0
1.2344189754749748 3.010954351089597 1.0
0.7093683277905914 3.5240118507290954 1.0
0.7728368796889431 14.029821309546474 1.0
1.2049114395937288 9.228806303312634 1.0
0.7405329429014514 -0.11857536689091178 1.0
0.9679530864464319 -5.88067911281358 1.0
1.303153860691819 -7.866597769388435 1.0
1.1441669821643572 -19.99825668893686 1.0
1.2488502608951864 17.715188603592107 1.0
0.7902335574444956 13.46209626916055 1.0
0.5432268100171183 -0.6995837599554936 1.0
0.7167814441306921 25.843289166313568 1.0
0.998245214782507 -2.2664735346588216 1.0
1.055585000417924 17.565421864885042 1.0
1.1639437995247166 -13.176316000030367 1.0
1.0044761538001428 2.105341977687363 1.0
0.5607700949933805 -7.297229986743448 1.0
0.9729396733617476 3.872540519646371 1.0
0.8976506455681253 1.6225937402554653 1.0
1.4281913332910663 7.200081009792903 1.0
0.821308448804011 4.334661657338217 1.0
0.7948430198801048 11.2923073345772 1.0
1.1956420749547791 21.566077508462044 1.0
0.8453556417712625 0.10610917344104033 1.0
0.996497982749138 -10.977230109279223 1.0
0.987378250268328 12.313493902974077 1.0
0.7072941818269162 15.6637214020473 1.0
0.9441375980276248 -4.617635115645635 1.0
0.7277072262064118 2.086947535030777 1.0
0.9237269709987016 1.0269981572743283 1.0
0.9492200565790327 2.22545586874889 1.0
0.942379303469001 4.772295126439988 1.0
0.9247106372587712 1.1768814666475944 1.0
0.9272296717935716 9.321129166071323 1.0
0.7384159281573571 6.156683500655679 1.0
0.8357623241246185 -11.171301497026132 1.0
1.1377466206352203 -19.819805313170832 1.0
1.0609771034128395 -1.583780776519955 1.0
1.0210487920791889 -9.750099520554029 1.0
0.8930701015492594 10.404159450972724 1.0
1.1812981038893977 -7.057876647093236 1.0
0.7342747273818881 -9.32202961941641 1.0
1.0217231001660634 -11.744751193949066 1.0
0.7540987210794616 16.02005059678165 1.0
1.3743753291772935 4.61187946087954 1.0
1.278278097473238 -6.167697988453416 1.0
0.8080294907598349 20.247030716995916 1.0
1.106721338866682 1.8522420326865283 1.0
0.7545353831397947 -0.8791214384338045 1.0
0.6853247774192031 4.0454901621609 1.0
0.7829124266503821 1.734679774231539 1.0
1.0516006607328858 5.583087768472093 1.0
1.2561224706287673 6.200994189012058 1.0
1.1441900854128984 6.029075418242656 1.0
0.6435427193461256 -3.884331342875615 1.0
1.1214262071630128 5.655033842243111 1.0
0.7027252225745121 9.999075249600065 1.0
1.0961204016385449 6.462912530091397 1.0
0.9867066718926824 -5.936146634040367 1.0
0.8187177053957523 7.40393906501687 1.0
1.0891346247792395 -5.895202469648611 1.0
0.6735499056447067 -15.726113190646057 1.0
1.3010131593562932 6.78682324894968 1.0
0.6653456859238139 10.989173694172186 1.0
0.6472078891680522 -5.951545122208932 1.0
1.1079113532190323 2.6607747443608893 1.0
1.1845411419691323 4.695742215335077 1.0
0.8341987166148904 -2.295305232551383 1.0
0.998353041829664 2.1066929519680637 1.0
0.9715378352024354 1.3336186386231563 1.0
0.8267194878318168 0.3450578310523012 1.0
1.3014647484664295 13.845334570198276 1.0
1.2541593300980571 -5.740561732532629 1.0
1.273058596590781 8.94552175720618 1.0
0.9095417682329228 -15.475393060388889 1.0
0.7027890568171254 0.9612544725025902 1.0
0.8739546592898829 -5.164822642523373 1.0
1.1690860209017027 2.8041302675953923 1.0
1.039126841900171 -10.709287191083764 1.0
0.886692907028442 10.055846790393026 1.0
0.7626069885671622 -8.77580380111469 1.0
0.8703107116296515 6.460642159347072 1.0
1.0447741845502119 5.154600790766142 1.0
1.0875492997849616 -10.622415589264593 1.0
0.8338673828286162 -15.33892230582599 1.0
1.1621521583321868 -5.108199773559472 1.0
1.0054793033452882 -1.820981983395732 1.0
0.7584419398734441 -2.441510495604915 1.0
0.9332996848826458 11.770575566261423 1.0
0.9237208533743176 0.6486365104420575 1.0
1.1545442553906995 -6.849243386420572 1.0
0.9707067738990834 -11.91485235104372 1.0
0.7211016466309432 -13.37999777962833 1.0
1.1786154998520624 3.595787881286459 1.0
1.18709659465406 3.109557696288653 1.0
1.0337383180429605 -7.316191326224587 1.0
0.8007461077191383 -13.840980735396176 1.0
0.7174143255674166 -2.8909604483180953 1.0
1.042516678644082 -12.850281604429552 1.0
0.6842101482955327 8.603964577382547 1.0
0.9929766410931138 5.224094929189951 1.0
1.0465266247474623 -6.664732731775507 1.0
0.516066184992987 10.949086644195487 1.0
0.947027506237554 0.17472970027786391 1.0
1.0361327330757388 -11.704343851726271 1.0
0.9996668712026804 -6.538426050945598 1.0
0.7486004529035968 4.941525040166382 1.0
0.8917661570051564 9.87164800051812 1.0
1.0384170604669882 -3.6867042648163793 1.0
1.078491766278031 -0.7497543173650086 1.0
1.009000452359469 8.791518810622206 1.0
0.42367858533149627 7.090857145496864 1.0
1.2646851394779788 7.442637330378712 1.0
1.075836500893861 4.084415190315624 1.0
1.0088675861806264 11.02517734776124 1.0
0.7637734074450182 -11.764327675811716 1.0
1.1080555933691807 12.316957206422119 1.0
0.7057023121852612 5.950954697898958 1.0
1.3971254763257 -1.292039262394813 1.0
0.9515915946587648 -3.8057704385937567 1.0
1.100680303998899 2.1562277271087975 1.0
1.552181413835883 2.0222926374276273 1.0
0.9086404944259392 -1.1284727681904767 1.0
0.9692224348007452 -8.494306922746214 1.0
0.8511181409900198 -22.49819860980293 1.0
0.8459220147670323 5.561578573632072 1.0
0.8607593555138857 5.276662496313596 1.0
0.9911416864458664 1.210374598590645 1.0
1.1710054615269287 -16.73324598482574 1.0
1.301672793761771 5.305430936090003 1.0
1.1224346989556748 6.570479101188552 1.0
1.2876018617008318 9.313877074969229 1.0
0.9535345530008558 5.627655446432147 1.0
1.2322602456608478 -3.3436196833373204 1.0
0.9508208383424666 -1.5313516346826443 1.0
0.871162822707973 -0.0323217763322028 1.0
1.039266329690831 -1.7173996258569881 1.0
1.3526607350782476 -2.972732273028418 1.0
0.6982966818155548 6.994338232223576 1.0
0.9706857320153996 12.814874229859472 1.0
1.0808688498373913 0.19955413771299454 1.0
1.5363393630628424 3.2496251403253096 1.0
1.2488266778429606 -15.147975209033639 1.0
1.1588979925282863 21.4138921375548 1.0
0.9617171838902254 -5.032852816581112 1.0
0.8542180432532333 10.958554479088082 1.0
0.7350406501213774 1.48880096234004 1.0
1.093056868307882 -6.466216845753291 1.0
0.989329942172988 8.949537833870949 1.0
0.9729389891194477 -11.192325612260872 1.0
0.9661071285285732 5.932023390259577 1.0
0.9684786974086024 10.594970870160392 1.0
0.5998577439573859 5.7429865813885375 1.0
1.0381222524035896 -3.654859162661366 1.0
0.7853144026740991 -3.662750365123999 1.0
1.1237424710457247 13.058146109913476 1.0
1.4352817130171303 1.150925191371159 1.0
1.0390547385398976 -14.90236815159349 1.0
0.9433681933444396 8.11289940225997 1.0
1.2216728541068351 -10.903309971308714 1.0
1.1478500040739532 -0.8109945210581438 1.0
0.8536619690180248 16.498278665674913 1.0
1.0029519180079975 34.644962867798 1.0
1.317872348095256 3.158607595603457 1.0
1.0228380498588034 16.549672293238118 1.0
1.0314767079249385 -5.268798644298811 1.0
0.7658106607775782 12.840962927682043 1.0
0.7779435965446861 8.325363812054798 1.0
1.0798398959537523 -2.1101204529246926 1.0
1.310369483007087 -1.1118207446593562 1.0
1.2980846067809233 -2.7734926666260526 1.0
0.7903749375603752 13.450518246445462 1.0
1.0027670497929997 -23.489807143848285 1.0
0.9135737498959564 -13.639416829127386 1.0
1.1483024773349182 -1.762954170692543 1.0
1.0028295412606696 2.7056822202631627 1.0
0.8625031864216568 -1.9521206870432255 1.0
1.0137510049813474 -6.611945819821173 1.0
1.0387342471616587 5.507322319585301 1.0
0.5364458472019987 -0.7819165691392582 1.0
1.1720529114766656 -8.452180984746702 1.0
1.0884982557462526 5.052575240787414 1.0
1.143032387484335 -2.7456571850089526 1.0
1.3778407713880578 4.0563789478331165 1.0
1.3695763188579992 2.0926298804221783 1.0
1.5139910278613378 1.0518975385181024 1.0
1.1113126398522015 -22.04730870442221 1.0
1.2792309660414418 0.6030636979085805 1.0
1.2441846824045155 9.599763135103874 1.0
0.912409971818124 -7.114914678753808 1.0
0.8148911817318542 -1.2840991409952542 1.0
0.8770282575004325 -1.813632660284516 1.0
1.0662188130533192 -9.532659872944665 1.0
1.4900132400013921 -6.5359021964596735 1.0
1.2427315960747367 24.852688357962794 1.0
1.0468496941864984 -6.128665577026816 1.0
0.5662154023679167 4.546663871410569 1.0
1.0281973607073485 -4.391180076444422 1.0
1.3042111339441775 1.2417755070993552 1.0
0.9791847423407702 6.24386281470441 1.0
0.7681072196088143 -12.396104449759555 1.0
0.9978085579943938 -7.019581958344364 1.0
1.1404657319632328 -19.701401939886086 1.0
1.3145723726031848 -15.445261875370836 1.0
0.9760829074308326 -9.138079915911987 1.0
1.0128414038300315 17.140585045499723 1.0
1.2174065271937455 20.80372287664512 1.0
1.008108568916052 -13.313092071541568 1.0
1.0394381489265703 -0.5965404052865364 1.0
1.1829297650027362 0.4778586470396353 1.0
0.8046435841779433 9.56112976307965 1.0
0.9558411928491434 -0.4884389271184547 1.0
0.8250394587337375 -8.385332407887823 1.0
0.8961467087826495 -29.822821509320953 1.0
0.765949582020219 -19.648782191031408 1.0
1.0393489582120972 1.1489319052552696 1.0
1.222803745275966 11.637023685718876 1.0
1.0956354853778507 11.475121215943684 1.0
0.9384191452479396 3.5995593854386017 1.0
1.031031153278804 -16.06906354165306 1.0
1.0500736011173224 14.150730588986537 1.0
1.0159855101307522 -11.940555805135693 1.0
0.8568628007243085 -8.867464205238887 1.0
1.1512113017002163 -15.150631257899363 1.0
0.6059455653779704 -0.41931957949793613 1.0
1.343816159019256 14.169295682302382 1.0
0.8657520026506033 5.552367899736973 1.0
1.091068738270285 -5.9626379417496125 1.0
1.1821218287906599 10.57420138495778 1.0
1.4021534454904365 9.30698522505276 1.0
0.7795279302297183 15.293360727379788 1.0
1.153493909425844 -2.3443613112353923 1.0
1.2695145864054982 13.652022246352466 1.0
1.165755643207342 -1.758155199959344 1.0
0.9636838356660467 -22.652275517795136 1.0
0.867510358881918 -6.503073550748285 1.0
0.770501313455167 3.06679981821386 1.0
1.0883783032568537 1.1384369050041339 1.0
1.1754036314183351 9.280482283514791 1.0
1.0965145301405914 5.202367052100304 1.0
1.0523730327386807 -3.7419253554933887 1.0
0.9310741384094232 -35.21206538055813 1.0
1.613438537597678 3.543081970925724 1.0
1.0976260926963262 -15.037194593174858 1.0
1.1313013658376616 -10.89877517783442 1.0
0.8171420501101722 -8.814865607421266 1.0
1.1705044949148593 14.161656148975908 1.0
0.9722288002442458 -16.71262649452974 1.0
0.9867450226002497 2.927702150126884 1.0
1.0398983645586186 15.393327598018182 1.0
1.216914856830441 7.697878350168774 1.0
0.8748701494620474 11.830864358031203 1.0
1.1715164317910045 1.1923905788797748 1.0
0.7656351192384044 -9.27565036610548 1.0
1.1150977242656384 0.5181801280630487 1.0
1.1763608220959938 17.88747232274434 1.0
1.0832201288031078 -2.808802982737947 1.0
1.2087334898149065 20.763234676743654 1.0
0.69022730002931 -1.8891238456137127 1.0
1.0586580903764673 -19.027787045508013 1.0
0.6682043884148137 -6.1554030018944985 1.0
1.0655418255054516 14.06449404656271 1.0
1.178807244137998 11.5530462128316 1.0
1.0992049414006868 -1.9222172813971845 1.0
0.7958521212594235 2.8573822132254882 1.0
0.8838281583436383 -14.820869440779017 1.0
0.9545050914080052 4.854087212144144 1.0
0.5488583043536388 -0.4693984158469016 1.0
0.9440631144878138 16.42647535555936 1.0
0.7145556970258902 4.9853035633392455 1.0
1.0306980574699822 -7.878878647620973 1.0
0.960471509417631 -10.509611201775169 1.0
0.7899128228698482 8.242118148484028 1.0
0.9277699219597246 3.6248753474989055 1.0
0.727191473665308 4.725892615259324 1.0
0.9585918452329664 11.027658956778076 1.0
1.0933965189204187 -7.452388645210454 1.0
1.239986598415933 1.2795430362295745 1.0
0.9005483832869075 -14.696653076700029 1.0
0.9218567219304156 10.959615798494644 1.0
1.0387788408493523 -14.379773380215356 1.0
1.2171299290980022 17.46210206902681 1.0
0.9985482489834056 -14.647606352063715 1.0
0.6508994642597923 -0.8433647197850929 1.0
1.1380791006274562 -1.5026634480955623 1.0
0.9917414807847924 -4.23105600335329 1.0
1.3268351929940068 -8.079169136007708 1.0
1.1367332496110067 -11.367420094249837 1.0
1.0586419886209213 -9.19140062981481 1.0
0.821294104056091 -11.33209343520346 1.0
0.871417810669078 13.973591084119171 1.0
0.9422024537395712 -15.018229909764953 1.0
1.1055817533185268 8.722471716748549 1.0
0.8941532892114237 3.4858147763321625 1.0
0.9787478500343528 0.04724697353750446 1.0
0.9414142340506914 5.7569984070822695 1.0
1.0948876745703084 -2.953443269986793 1.0
0.8389363330616818 -6.296594964304382 1.0
0.8625355050758918 17.7850751360302 1.0
0.990081288691591 -12.066694368592342 1.0
0.7905895340719251 -7.654221792238398 1.0
1.1948728181834596 -12.940260434965104 1.0
1.0684153433727552 27.09765151485091 1.0
0.9292948146260112 -11.857036119213154 1.0
0.8396917629683041 -6.3422115381111785 1.0
1.5311137147206701 -20.1046879538397 1.0
0.9448209625600614 -6.605133060610433 1.0
1.0473851743482423 2.8084870776529582 1.0
0.7728159784543142 -5.885348908558256 1.0
0.6878034350900128 1.0415011998931727 1.0
1.3893029938301655 -3.691661324817268 1.0
0.7098234465297572 8.809825964932234 1.0
0.8876211110534423 -4.302629393581885 1.0
0.9526329602293822 6.889868701179505 1.0
0.7932443359202744 -15.329200804947677 1.0
1.0861665447392304 8.197749829031132 1.0
1.0505311636761512 10.560215703398034 1.0
0.9803022516751188 10.0181416830687 1.0
0.8509140279685399 0.12276145076537738 1.0
0.8089807259573645 12.282766343962503 1.0
0.952383626260028 -0.5907149675831466 1.0
0.9053416662656936 8.826774289876326 1.0
0.8691194143243715 3.8163777229353015 1.0
0.8432487036343017 3.5982832553022055 1.0
0.6455720162694893 -3.818089688769136 1.0
1.0657167067181186 0.6336027786069882 1.0
0.8057400889567498 -5.9038707507130885 1.0
1.1509280717410395 -8.228613683407842 1.0
0.8598330058875365 -5.8892060585906165 1.0
0.6072906859767523 0.12327550738263475 1.0
0.860689992768588 -11.59070027572076 1.0
0.8588555306670461 -2.605581676292356 1.0
0.9524234443383388 -1.217388238986431 1.0
1.2469052037733834 -13.370262546319493 1.0
1.1291003642031208 -27.09012366959853 1.0
1.3423766663956531 -6.523736410366453 1.0
1.178503510526136 -3.871860457901264 1.0
1.0419023128212594 -16.350476722702066 1.0
1.0712097646022738 -18.343097322842016 1.0
0.9683742488106584 -11.933973658999061 1.0
0.9152034686995538 0.3351952695200841 1.0
1.1215891808995924 1.0753027908035953 1.0
1.2263536725781494 14.743245922802855 1.0
1.0459982946624344 13.497398166117865 1.0
1.1805614924442498 -16.23497573630145 1.0
1.101548153853955 -7.318760640615949 1.0
1.2791034587404535 4.242249118798537 1.0
1.055685295459018 7.797547026899785 1.0
0.7416248731729568 8.326873909104819 1.0
1.0613485325077647 -7.179454564325907 1.0
1.2826415861863187 -4.846780276565405 1.0
1.1386858543278136 0.1432824998021325 1.0
0.7574056426646244 -8.707282499546238 1.0
1.1028600430116888 -1.2674993699190151 1.0
1.1040712686914627 -10.793358389143588 1.0
1.273586625389354 10.679930103449875 1.0
0.829070624993985 2.0736722375338767 1.0
0.7593583377400922 -27.346031322565548 1.0
1.2155910750246308 1.924971814416896 1.0
0.9980466405241936 2.121214521219272 1.0
0.7990198050476901 10.59063023000104 1.0
1.3127122076301863 -4.501661354607257 1.0
1.088838101191576 -3.2597340517664564 1.0
1.0017066117001854 -14.423142848308515 1.0
1.2533040887966163 6.993687423442066 1.0
1.371539851470825 -4.920140529888768 1.0
0.8962260438587194 5.608932357412048 1.0
1.0157803702867454 -21.475737346754748 1.0
1.2490559668269259 3.8023055262292154 1.0
0.7911211591877276 -11.604626603946755 1.0
0.8466773228666664 9.64974017101552 1.0
1.1680730251856275 -3.8039855077801694 1.0
1.1898116590288332 -4.569586971665889 1.0
0.878737538001794 6.91159546275903 1.0
1.0656838204567198 10.096261838629028 1.0
1.2242414978197769 8.054901228819897 1.0
0.9797914980366288 14.33591989294109 1.0
1.0814756369765248 3.2066682964580906 1.0
1.2310036477535233 -2.616282987925724 1.0
1.1848715673583927 1.9626435823289623 1.0
1.18514135481627 -13.585698037988497 1.0
1.0666291088525468 -11.198528861244883 1.0
0.9333087432471078 -8.766576605871506 1.0
1.079163644036112 -21.369087915140984 1.0
0.6750835640282872 6.899580461942609 1.0
0.8677510549225836 6.955274781238932 1.0
1.6259782966990028 -28.695507863792947 1.0
0.8505878926899649 -1.175929960972631 1.0
0.8364638312839642 -8.601246872715917 1.0
1.1298657342257168 -4.405741828482242 1.0
0.8896086138685978 16.552834886303998 1.0
1.0910254108570987 -12.999367412721003 1.0
1.1949769052865309 -10.761082894213125 1.0
1.0708685543686745 -5.1238236807063045 1.0
1.08761424926228 -3.0479841709580615 1.0
1.307190032896015 -14.220713494297263 1.0
0.69881192111599 -2.242102966067532 1.0
1.0517914198478646 -10.783172643996371 1.0
1.1584476905394434 5.101340282103758 1.0
0.9551876816217372 -0.9566366049499788 1.0
0.8136881139413454 -13.949960002620257 1.0
1.1333945946576665 9.550736920185539 1.0
1.3931679775595238 -18.561256640809177 1.0
1.0841872532021732 26.913385349197267 1.0
0.6574088514743059 12.568647180754551 1.0
1.1463934934781783 8.101480364804525 1.0
1.1101723106563552 -5.34822793099067 1.0
1.017798173871992 -5.694248646950502 1.0
1.1051704441785795 -4.618821701202457 1.0
0.9279601321227956 -6.232929214737982 1.0
0.8107877472395116 -12.75656438824408 1.0
0.9757025254858136 -3.6247459607164454 1.0
1.3388845992130258 3.3068727599707923 1.0
0.7908837145166182 5.656301082581164 1.0
0.845718567440503 -14.73899127646347 1.0
1.0601051556020047 0.40985394742257786 1.0
1.0371228926878409 -3.6386727456203785 1.0
1.0456183952113756 -0.7417814577511012 1.0
1.0742478024083015 -8.751430528447385 1.0
1.135656053367741 -12.402334638794576 1.0
0.6987206878226015 12.330238865160256 1.0
1.1694920646818323 -10.538903385707009 1.0
0.9113667346103917 -17.221305214923323 1.0
1.2734836210064147 -0.6176823870837224 1.0
0.9977541504345832 7.302213573885531 1.0
0.7525258849845053 -10.937020272021085 1.0
1.0497570315158362 -9.1360375674521 1.0
0.6040379717786345 -1.3615428406172159 1.0
0.8611053869375396 -1.6925818724419237 1.0
1.2404369433429345 2.538609305649648 1.0
1.0512996316632497 6.697998574321256 1.0
1.214047268519972 4.651806153516051 1.0
0.973471438088406 -4.2801110426220905 1.0
1.2730301169215774 -0.7816027263634598 1.0
0.5576383170438112 -4.308649731348088 1.0
1.0479993560316674 9.696739762794259 1.0
1.0216093655405816 6.852622341187168 1.0
0.8239368834915968 -12.030313787195817 1.0
0.9043348065954344 2.0444349634856085 1.0
0.8707773663640895 -13.033814890575808 1.0
1.0195464789046138 5.020530495332355 1.0
1.2374633437669587 -11.964917612827229 1.0
0.9964895916032463 0.8770578123984365 1.0
1.0976453070674195 5.34203624086955 1.0
1.1198606232196746 -7.957517915434006 1.0
0.5696943481986602 -4.445565604638577 1.0
1.1717638765492655 1.662004494820104 1.0
0.9972029138183386 13.743288622298945 1.0
1.2836903278184193 -8.775244484966402 1.0
1.0513179418715137 14.687558570418044 1.0
0.9058479816974738 -3.044178591974815 1.0
0.4574934181948692 1.6824761215704958 1.0
1.1472638756675824 2.5940498373700294 1.0
1.1918366224770622 2.098023579008572 1.0
0.7926700652469058 4.1491629205942555 1.0
0.8481987453633663 2.470010179841128 1.0
0.9088481624120478 2.958953586713293 1.0
1.0753282536443922 6.3640251268176335 1.0
1.1441656844735577 2.342297594046184 1.0
0.6900738684544457 -2.0036293958274993 1.0
1.132398718279489 -11.428784354763916 1.0
0.7940586002744019 7.4709781752725295 1.0
0.8327002527978836 -1.449099131691623 1.0
0.9149711397985572 7.505875729224632 1.0
0.8762361497382182 -6.285433825095768 1.0
1.0332862258632844 3.4154594110612644 1.0
1.3043022320633153 6.2205869835586025 1.0
1.2551796532339217 -8.039784473526044 1.0
0.9686251673005346 -4.862651276858609 1.0
1.166819759768196 5.373311761626434 1.0
1.028017875539337 0.04089124827312876 1.0
1.6876057296709404 -8.285546869095551 1.0
0.8693476735951814 -12.133159927567574 1.0
1.1037582089304647 6.57254252231492 1.0
1.028175492553924 3.7212079873564727 1.0
1.2036230006845257 -2.6927177988503646 1.0
0.7342509332575411 -7.70608653044267 1.0
0.889958983252767 0.3419098803822668 1.0
0.9238416261241176 1.8484437950043953 1.0
0.681951891430462 -1.3179759177481503 1.0
1.106060506021601 -4.671174482989818 1.0
1.0539998688022432 -9.766312910625434 1.0
1.2213584983702224 17.676766035979252 1.0
0.8814411361050947 2.376770209200157 1.0
0.9077093768566092 -0.4589520258816388 1.0
1.0583889362639836 -4.562362094360403 1.0
0.5962585840978559 -17.75198463262924 1.0
1.112020696774402 27.233427222771205 1.0
0.5925509079854783 6.569154872269578 1.0
0.6404401857471688 -17.054653767094507 1.0
0.9035735527828904 -6.873809904791899 1.0
0.9138861617446274 7.742476426121754 1.0
1.0418335869614737 10.073353152527488 1.0
0.8729035531054342 -6.197447283181253 1.0
0.7943245882778533 -3.4559357956209245 1.0
0.9732890527937472 15.191105095372333 1.0
1.3294178947864552 -1.6946301418844212 1.0
0.9446706778048543 8.454171799871261 1.0
0.9348519707973466 12.787479142921697 1.0
0.9369323644144838 2.1610673556783015 1.0
1.3186079169601168 -12.621945720501087 1.0
1.2797393949586753 -10.718782836533762 1.0
1.1670253358011617 -3.357367521123881 1.0
1.0572100722856765 -1.3686327830611735 1.0
1.0374595307509507 -11.273037635882961 1.0
1.1411026376813376 4.196274766829996 1.0
0.6872135133687668 7.5503016659420865 1.0
1.2194075096767216 20.516684511403298 1.0
1.117399357736258 11.090716797459745 1.0
0.848691765764766 -7.477300399939542 1.0
1.14704155089364 13.739034222638365 1.0
0.9625581546348718 5.069393952362792 1.0
1.1596224001369153 -6.221007354320177 1.0
1.2401541977425055 -3.7447093266268032 1.0
0.7191593654109212 0.04906601855208171 1.0
0.9016914550971672 -8.228348246097799 1.0
0.717371214988132 9.11909424847676 1.0
0.6060587376840278 9.324642711291224 1.0
0.828980409101356 -7.018012509074795 1.0
0.9925324659808344 -2.5151068200576665 1.0
1.0019449318587712 -3.8143754393592655 1.0
0.6308927021369097 0.7167861259047885 1.0
1.077497961080344 6.322197967486322 1.0
0.9834330761339648 3.7418225534749134 1.0
0.8701277884956385 -6.330278709543275 1.0
0.904666889470264 -9.034696838872259 1.0
0.6131563636616716 -5.493729835338634 1.0
0.9403569770103306 -7.741547568448963 1.0
0.7335847778942418 -5.584908028795828 1.0
0.9186263695416296 -10.684525735576573 1.0
0.7717242580475382 2.38324355844962 1.0
1.054000384571602 8.15134668544975 1.0
1.0152074406030036 3.877121373120143 1.0
1.2109251613857128 10.795814267836388 1.0
0.854830320270563 -5.539618563219287 1.0
1.5363014421172116 -1.824488406910298 1.0
1.1021962023903635 0.5533533676150137 1.0
1.0171027677194957 -6.620626102357935 1.0
1.0834897048668584 8.544993953025966 1.0
1.06844771829412 -16.013997874227726 1.0
0.6372436168313172 -13.05723648848062 1.0
1.055646511793676 -8.458941396711335 1.0
1.08016975386301 10.683823615162048 1.0
1.5985009286823577 1.0871662408822913 1.0
1.0127397270844871 4.054355928484266 1.0
1.2353350024004655 8.359701767773023 1.0
0.854839572227767 -2.3771961572105726 1.0
0.9533583730796766 -13.543349314370781 1.0
1.0221293240633278 -1.9566543509473089 1.0
0.7829352924652133 -4.3003605968837535 1.0
1.2295906873740696 16.33159171688406 1.0
0.9283771094866942 -1.875524691198173 1.0
1.2832823267380555 -10.142339725407245 1.0
1.0303638242010926 6.076615760973099 1.0
1.120870322365217 10.389874746436279 1.0
0.7789279948581728 12.343611090865823 1.0
0.7870295557743567 -4.519268796743969 1.0
0.9566611522356276 -20.90583710390188 1.0
0.9929267656952898 -10.604120868766776 1.0
1.002797655291542 -6.232784710182375 1.0
1.137501625262119 13.374355793238486 1.0
0.7787949743162772 -8.528361628749652 1.0
1.2111562075321 6.5725930050205585 1.0
0.91721497859888 -6.545365372158534 1.0
0.7784234245440174 -12.043321766396382 1.0
1.0427813615978045 3.674076921267316 1.0
1.2441217822124992 2.296177428831579 1.0
0.8003483819709005 6.7325108958452144 1.0
1.1806558409207455 6.669432754629646 1.0
0.908283108274297 7.088001315538663 1.0
0.7085479814388406 6.073503324608224 1.0
0.9765232911827352 -14.613636232317191 1.0
0.6302372553728655 -4.46507013170912 1.0
1.6290220985421988 -8.300618779148886 1.0
1.0183111161759464 6.648041613112506 1.0
0.9485475264018752 -15.363028537040543 1.0
0.900883263773778 0.2929909237633139 1.0
0.9015651960820428 12.550326684438984 1.0
1.0396764890038817 10.953639996941034 1.0
1.1487296889907854 -10.603803604632008 1.0
0.9942737053278754 1.0991353543223754 1.0
1.1887787670861067 -2.265610795797783 1.0
1.0374773127610237 14.696852385154676 1.0
1.044391744033301 1.4867870086698367 1.0
0.6357186739873645 2.4478986022159055 1.0
1.2360573905418024 0.856875098630485 1.0
0.8650211113156626 6.429122291403683 1.0
0.9879336192503538 -8.718162350254417 1.0
0.884789589465428 4.032117608709554 1.0
1.138456303785622 8.381704922344987 1.0
1.0869897553858772 -7.1338792360661145 1.0
0.5197227884534381 -6.331173780774042 1.0
0.9124269038787988 -0.9420343456850399 1.0
0.961953363723126 17.415519618610425 1.0
1.3075459326054577 10.186963665676947 1.0
0.9836895323865102 -2.1632940108992487 1.0
0.934806222112032 0.7504812458552914 1.0
1.0240725398427395 13.613710193452114 1.0
0.8763004160494342 18.44157396119712 1.0
1.0846452732683631 -10.001654606255087 1.0
0.8304548494506716 3.0490806571657565 1.0
1.1851319590003724 3.15824440559556 1.0
0.671279364304529 -8.757802591060246 1.0
0.957804040055195 4.880443453757132 1.0
1.0711039237994957 -10.135846049409107 1.0
0.9546877309825292 7.550403276071491 1.0
0.7314313655545115 1.6477056427407013 1.0
0.8406197129776937 13.179682462970172 1.0
1.4202777657980556 -4.356142453991035 1.0
1.058169006940656 8.936496226988973 1.0
1.0568192482558356 -20.670699136183046 1.0
0.6169987083750427 12.978779298509998 1.0
0.8803742046982074 15.554174035495997 1.0
0.9428926147130182 -2.116548538782093 1.0
1.077370152860736 -11.322055699027633 1.0
1.1049547845119918 6.022554508677921 1.0
1.062838051991824 1.4339706797900378 1.0
1.4695015428698457 -5.709225792552149 1.0
0.9410719441677438 12.543937081875363 1.0
1.183031687711695 -21.5298361911264 1.0
1.1188724075839886 -24.94595880724176 1.0
1.4097549043041873 0.6231730755001647 1.0
1.5219992644422509 -8.322956575303248 1.0
1.2585934831799654 21.67215915677778 1.0
1.3678889722933887 15.781289053975417 1.0
1.02482303985681 14.59689188046594 1.0
0.851596405246358 -10.390510104343997 1.0
1.078814483154732 7.037526133774249 1.0
1.2089951628142674 13.17971493027376 1.0
1.0153462991765867 19.366896329239577 1.0
0.9902199572865666 6.023502912808323 1.0
0.8406544898306226 -11.375629141763856 1.0
0.7407633941301238 1.7794746878488605 1.0
1.2530726229420652 -9.449824752323272 1.0
1.0362596754877742 -6.076108219082287 1.0
1.0887043407707326 -25.191455990064263 1.0
1.2877062295288393 7.6863772267858685 1.0
0.998682842622228 8.287385980141263 1.0
1.0599970031000283 -3.910794127510601 1.0
0.5352709827264129 3.269212415917159 1.0
0.8362923902621155 18.780796591083586 1.0
0.9837791212818682 1.3689888460976074 1.0
0.8694805885171667 -3.045459219223757 1.0
0.9995572242740584 1.5113730343497467 1.0
0.9638441575229678 6.464330386742486 1.0
0.914659092271373 -9.822144732740966 1.0
0.8514883102518335 -18.299452367293775 1.0
0.8826822178240525 18.11902020664933 1.0
1.5398325633076602 -6.85673120969098 1.0
0.8225626218923594 2.7671729857130134 1.0
1.2340085755214436 -15.32269446975631 1.0
0.5571585803748692 3.2132880333898424 1.0
0.9191733673996124 12.711954299332373 1.0
1.3075047819449739 3.338673236302052 1.0
1.065854667496811 5.876258445285448 1.0
0.6749736066837115 11.429176816402089 1.0
1.0051106529838398 18.192781600687965 1.0
1.2160181906958627 8.659757443665512 1.0
1.0516069951940095 -11.015572198504486 1.0
1.000656308458073 -7.081400644009186 1.0
1.0136355266322379 6.138334292974781 1.0
1.120926092704941 1.5218478313976422 1.0
1.0200656860835746 2.4675863188029643 1.0
0.8431122346905345 9.36497277937936 1.0
1.0144428348092975 14.56475175941798 1.0
1.0005184186369278 13.361988695653217 1.0
1.2198105364879883 -6.608712514792265 1.0
0.7172058064510591 -9.399994748404325 1.0
1.099570293533968 4.794161973815124 1.0
0.7657258935633445 6.228053178833884 1.0
1.077072242409939 2.2264148044145253 1.0
0.6711998373206459 1.2927771133777652 1.0
0.9782609648120808 -5.062306342080742 1.0
1.171168464636253 -7.652845050266107 1.0
0.948080790714034 2.855084984864819 1.0
1.037586261844903 2.9256645044415612 1.0
0.8925479967650477 12.251598735549328 1.0
1.078704163496608 6.68298562571927 1.0
1.0187187852912367 0.5818805316321076 1.0
0.7942605307222665 16.174282657625298 1.0
0.8376115938252627 8.915628536586508 1.0
0.9279926966905168 6.041118212264944 1.0
1.3222116115604243 6.351368521768244 1.0
1.3463917247426733 1.0287433830864428 1.0
1.0269371719260827 4.89107031531605 1.0
1.0275758272346331 0.9038894955936884 1.0
1.0273814439285183 1.866919386148005 1.0
0.9989194802438772 11.520471943445468 1.0
1.173978081915596 2.5120796636089966 1.0
1.432047554489282 14.006833936277 1.0
1.0541493673225726 -4.267576143950022 1.0
0.9424825919051506 -2.3011069569807487 1.0
1.0107644944669423 16.956869386524907 1.0
1.3548876244653516 -1.6769014416515586 1.0
0.8359523374666848 -13.222643568591574 1.0
1.030680033939129 -1.3374775474881027 1.0
0.8981587307343608 -17.444611941043025 1.0
0.9848885278601126 16.011311534809735 1.0
1.2290788312706187 7.684486086724931 1.0
0.7996403719922458 11.333779419578228 1.0
0.9003094299843497 -6.237420192262928 1.0
1.334533882579341 -8.758493336330393 1.0
0.7732085330351098 -5.306809508347611 1.0
0.9762020522640408 -7.482582707394905 1.0
1.0299488601659847 9.94335528914156 1.0
1.2610536839696798 -10.989576787073272 1.0
1.191212509847592 5.4389803112136095 1.0
1.2970701457568912 -2.6784181051428186 1.0
0.780241580785045 -1.9758094277345617 1.0
0.6872619378031004 13.101370577817054 1.0
0.6757094237853921 -4.29441944142452 1.0
0.74200263998691 23.381745425534803 1.0
0.9782206984836564 4.091582092888435 1.0
0.5813758782477199 25.53557998328358 1.0
1.466067913390518 13.728414548848662 1.0
0.8735646403355622 -0.04858454712665488 1.0
1.1893091030755727 -1.1279263447932546 1.0
0.9036414375802626 -8.91591674178234 1.0
1.2137988380568192 -2.729294190862397 1.0
0.8988917846302587 2.043291270618931 1.0
0.8864921456451847 -5.114050512166986 1.0
0.8474046127754579 -3.4033483566276805 1.0
0.9231101229262658 0.5941309530112481 1.0
1.143702256702699 3.4270786941420073 1.0
1.0180615639551462 -28.31319089304722 1.0
0.973697217116488 6.338948068489208 1.0
0.9580309592814298 17.027077558696295 1.0
1.3004161809628398 -3.9844443371222056 1.0
0.9631735239918215 1.558438688944627 1.0
1.339991749558994 -16.6961459754131 1.0
1.1015209177363483 6.771265991614968 1.0
1.394297636365234 -5.510362097045546 1.0
0.949126656037421 11.394502772375434 1.0
0.9580130239928842 18.55746424443528 1.0
0.8525386932509263 -10.594067388508979 1.0
1.0582692783462146 -0.11320140570601127 1.0
1.1972057494189665 -15.55665161455479 1.0
0.6964188090909988 -10.08327573745214 1.0
1.14883097595354 -0.8793781569049731 1.0
1.117351337076132 5.5774249848903645 1.0
1.1000259292403287 -2.0201386477754055 1.0
0.9522819346331098 -21.79625121186115 1.0
1.1283143713116195 4.1824443720252615 1.0
0.9387180640195188 -2.290429273057623 1.0
0.9549976472339428 -7.47673765706133 1.0
0.8031558173201252 13.877456813393616 1.0
1.3338254940088605 16.240741510789803 1.0
0.7641247975061934 -11.00348196980232 1.0
0.9661093120432042 14.088858268888545 1.0
1.1211464590649964 14.194867768754461 1.0
0.9143984929282992 -12.104024037028928 1.0
1.0164975769272067 20.76715361376706 1.0
0.7175857376660204 -4.199995382668433 1.0
0.9906699221374512 -8.514893488588358 1.0
1.0685577148605447 8.093103540708416 1.0
1.024730667448435 9.076439399591706 1.0
0.7705774892838017 -4.3950337122962235 1.0
1.2344886198484477 -13.383624382729398 1.0
0.9871871018736152 5.666655638153409 1.0
1.205968692036196 -4.527806915702184 1.0
1.0934992520324223 4.238907782179818 1.0
0.8228566882882691 -17.78200034709931 1.0
0.9948422275228012 8.144027114254476 1.0