198
209
750
931
1524
1770
1951
2542
2640
2939
3029
3395
4490
4593
5050
5066
5370
5916
6029
6054
6730
6794
7041
7151
8384
8468
8815
8960
9722
10876
10885
11087
11147
11678
11684
11690
12451
12517
13009
13519
13826
14165
14198
15327
15447
16717
17185
17770
17783
17941
18757
18770
18872
19255
19303
19386
20262
20404
20921
21054
22109
23959
23970
24150
24169
24385
24414
24822
24839
25044
25368
25926
25942
25965
25966
26479
26658
27562
27641
27690
27819
27923
28008
28171
29452
29829
29909
30194
30228
30820
31100
31122
31571
31634
31723
31877
32180
32250
33070
33296
34017
34290
34519
34674
34826
35449
36028
36136
36536
36552
36685
36910
37200
37321
37703
37790
38296
38340
38849
38872
38886
39346
39481
39970
40152
40308
40454
40734
40836
41135
41285
41668
41746
41810
41903
42010
42217
42289
42717
43207
43509
43848
43889
43988
44242
44657
45598
45768
46581
46646
46950
47076
47113
47699
47876
48569
48887
49625
50686
50963
50965
51244
51530
51815
51825
51836
51932
52185
52537
52720
53065
53436
53617
54135
55036
55388
55796
55828
56075
56311
56514
56678
56764
56829
56940
56942
57327
57606
57757
57805
57864
57944
58426
58437
58498
58919
59049
59298
59443
59557
59683
60011
60103
60188
60524
61081
61839
62639
62742
62870
62990
63295
63296
63336
64117
64397
64418
64753
65245
65479
65947
66181
66491
66506
67108
67128
67252
67771
68145
68477
68816
69317
69324
69974
70139
71946
71955
72433
72626
72816
72932
73016
73062
73516
73863
73946
74024
74342
75236
75366
75979
76000
76052
76232
76350
77401
77795
77878
77898
78039
78339
78536
78770
79303
79466
79553
79554
79849
79958
80116
80311
80817
81306
81680
82236
82360
82433
82812
82951
83056
83520
84217
84493
84540
84583
84870
85063
85892
85908
87233
87236
87306
87398
87476
87537
87621
88061
88268
88273
89135
89198
89901
90155
90333
91431
91654
91813
91844
91861
91886
92013
92046
92872
92889
93099
93637
93642
94499
94531
94649
95168
95432
95516
95848
96320
96693
96926
96966
97081
97650
98121
98488
98925
99049
99178
99397
99832
100282
100587
101228
101397
102346
102517
102533
102770
102810
102863
102914
103471
103525
104121
104427
105048
105852
106029
106038
106162
106331
106373
106475
106698
107540
108156
108185
108261
108525
108572
108821
108979
109075
109523
110085
110243
110406
110470
110550
110638
111637
111954
112031
112134
112573
112671
112898
113224
113296
113302
113484
113669
113698
113744
113991
114321
114392
114401
114594
114754
115021
115058
115324
115445
115824
115998
116069
116075
116118
116413
116542
116868
116895
117522
118144
118811
119050
119916
120181
121101
121517
121648
122365
122645
123635
123666
123884
123999
124415
124468
125733
126227
126404
126810
126825
126988
127226
127540
127572
127703
127731
127937
128005
128164
128345
128752
128991
129104
129256
129469
129801
130295
131257
131281
131502
132345
132533
132627
132806
132933
133581
134004
134504
134672
134770
135678
135781
135873
136464
136879
137360
137764
137841
137977
138084
138123
138295
138627
138725
138971
139095
139464
139602
139618
139652
139795
140214
140347
141030
141278
141681
142177
142951
143832
143847
144235
144251
144941
145117
145900
146138
146163
146516
146642
146654
146907
147055
147085
147802
147926
148068
148139
149200
149282
150462
150524
150698
150769
150939
151019
151387
151503
151514
151665
151722
152013
152296
152393
152638
152948
153008
153236
153299
153774
154034
154360
155029
155168
155656
156059
156125
156560
156941
156956
157004
157382
157671
157714
157869
158393
158415
158712
158722
159352
159452
159525
159721
159757
160348
160465
161024
161044
161182
162272
162731
162986
163098
163181
163328
163600
163711
163840
164055
164232
164317
164774
166286
166352
166752
166859
167123
167317
167726
168729
168868
168954
169226
169916
170822
170915
170957
171160
171271
171946
171997
172128
172873
173226
174804
175738
175760
176070
176201
176284
176349
176676
176858
176895
177051
177443
177499
177708
177822
177963
178186
178697
178756
178977
179182
179227
179396
179621
180368
180401
180707
180882
180884
180999
181031
182688
183048
183102
183416
183913
183967
184116
184398
184461
184783
184864
185042
185412
185450
185840
185880
185900
185913
186218
186275
186332
186354
186624
186645
186832
187050
187097
187141
187437
187628
187979
188229
188231
188367
188685
189540
189908
190137
190931
191501
191981
192019
192334
192916
193906
194116
194863
195398
195451
195756
195941
195953
196487
197155
197295
197385
197751
197763
198403
198727
198922
199056
199319
199390
199532
199937
200042
200330
200939
201038
201064
201148
201164
201226
202179
202260
202517
202609
202634
202950
203245
203674
204090
204587
205001
205408
205852
206123
206665
206991
207159
207405
207812
208774
209145
210078
210091
210146
211613
211997
212231
212445
212456
212821
213064
213768
213992
214182
214188
214281
214300
214438
214590
214687
214747
215109
215492
215580
216748
217346
217378
217480
218079
218154
218320
218466
218987
219129
219683
220904
221267
221389
221500
221691
221922
222198
222257
222653
222885
223734
224088
224409
224674
224683
224719
224820
225233
225239
225330
225657
225934
226152
226739
228022
228105
228397
228437
228487
229280
229462
229724
230025
230597
230863
231032
231240
231527
231902
232162
232170
232393
232535
232886
233079
233445
233625
234210
234994
235176
235184
235428
236003
236280
236551
236585
236951
236989
237228
237313
237406
237516
237546
237851
238072
238502
238720
238881
239210
239514
239755
239889
239941
239960
240185
240597
240780
242480
242813
243917
244859
245284
245592
245771
246067
246249
246406
246410
246479
246582
246695
246898
247043
247321
247598
248218
248817
249092
249201
249407
250006
250018
250023
250199
250229
251003
251187
251259
251781
252386
252474
252544
253248
254433
254697
255435
256545
257601
257714
258234
258366
258917
258964
258983
259751
259960
260178
260463
260734
260757
260831
261206
261476
261834
262485
262785
262791
262901
263431
263483
263811
264129
264456
264473
264926
265171
266315
266538
266837
266848
267062
267299
267851
267959
268507
268626
269402
269635
270056
270308
270425
270555
270757
270776
270965
271282
271537
272219
272345
272920
273285
273654
274030
274308
274465
274590
274918
275099
275336
276037
276394
278491
278634
278671
278855
279059
279125
279921
280145
280335
280692
280693
281448
281655
282357
282376
282586
282671
282906
283141
283215
283808
284552
284677
285110
285176
285242
285365
285838
285885
285932
286096
286435
286736
286989
287097
287665
287893
288163
288258
288546
288667
289445
289642
290260
290905
291776
293437
293743
293747
293873
293911
294066
294161
294199
294518
294657
294734
295077
295167
295638
295648
295684
296049
296299
296319
296364
296672
296690
296716
296739
296888
297131
298201
298580
298590
298906
299001
299086
299685
299862
300111
300551
300858
301295
301476
301650
301806
302051
302460
302889
302962
302998
303301
303567
303675
304080
305226
305315
305362
305406
305939
306201
306278
307172
307279
307309
307411
307967
308401
308685
308755
308894
309154
309357
309448
309597
309816
310169
310206
310520
310654
310840
311134
311613
311736
311830
312287
312484
312651
312658
312756
313401
313537
313955
314050
314444
314512
315140
315496
315724
316273
316392
316423
316455
316534
316662
316807
316979
317465
317965
318068
318328
318692
318874
318897
319028
319391
319741
320034
320228
320243
320382
320646
320983
321151
321260
321787
322686
322700
323064
323206
323324
323458
323502
324155
324164
324674
324808
325367
325590
325958
326397
326425
326524
326617
326920
327148
327346
327600
328048
328269
329107
329768
331080
331169
331288
331506
331700
331917
331924
332930
332969
333052
333756
334118
334132
334291
334386
334418
334498
334678
335390
335468
335505
336409
337038
337077
337156
337295
337325
337373
337460
337584
338247
338252
339312
339443
339975
340245
340795
340816
341086
341096
342241
342330
342553
342990
343222
343327
343541
343883
344035
344253
344573
345044
345095
345743
346057
346129
346185
346393
346604
347222
347239
347441
347650
347759
348144
348255
348377
348715
348928
349032
349071
349185
349647
350207
350363
350480
350511
350655
350866
351181
351286
351312
351561
352037
352590
352989
353314
353515
353963
354068
354516
355232
356102
356599
356674
356962
356972
357393
357431
357635
357724
357754
357910
357967
358067
359245
359578
360065
361158
361268
361551
361749
362058
362232
362786
362808
363271
363549
363843
364767
364857
364910
365197
365724
365834
366005
366027
366755
366826
367408
367459
367895
367974
368125
368624
368729
368789
369147
369172
369481
369572
369757
369951
370296
370396
370739
370816
371386
371428
371895
372160
372312
372481
372619
372820
373370
373687
374536
374884
375146
375900
376130
376244
376313
376439
376543
376569
376815
376854
377659
378912
380226
380528
380589
380687
380960
381589
381686
381708
382025
382130
382311
382343
382448
382892
383027
383375
383854
384101
384461
384726
384802
384840
384894
385675
385704
386306
386611
386750
386785
387136
387500
387577
387616
387942
388681
388865
389081
389188
389658
389939
390121
390949
391464
391500
391619
392723
392893
392958
393000
393402
393406
393800
394056
394245
394943
395144
395171
396246
396381
396560
396645
396774
397108
397925
397940
398114
398381
398474
398568
398592
398771
399887
399894
399942
400261
400624
401833
401939
401974
402455
402684
403903
404090
404133
404462
404669
404967
405026
405147
405558
405623
406383
406388
407124
407185
407249
407761
408084
408195
408350
409182
409313
409387
409522
409604
409605
409897
410022
410326
410503
410812
411259
411356
411687
411923
411924
412017
412183
412377
412520
412909
413016
413040
413254
413727
413735
414086
416296
416357
416749
416873
416988
417684
417809
418157
418369
418546
419064
419382
419556
420525
420787
421243
421369
421647
421809
422529
422691
422699
422795
422871
423711
423736
423868
424636
425137
425153
425359
425529
425583
426053
426386
426427
426617
427131
427764
428009
428288
428406
428415
428598
428668
428711
428845
429123
430402
430681
430776
430814
430831
431220
431296
431948
432138
432333
432462
432881
432900
433596
433679
433988
434935
435388
435627
435937
436083
436529
437102
437324
437444
437460
438246
438273
438357
438731
439250
439265
439335
439548
439902
439935
439971
440256
440622
440738
440867
441362
441823
441956
442297
442570
442626
442633
443029
443063
443412
443673
443738
444358
444587
444647
444719
444808
445206
445678
445947
445981
446032
446102
446199
446528
446628
446668
447383
447387
447492
447887
448122
448298
448628
448733
448959
449761
450067
450277
344986
384803
224382
305347
101861