10752
8705
9216
10758
15879
11281
7191
22040
24
537
7716
7719
5161
6189
11822
7728
16945
8242
3123
11824
8248
14393
11323
6206
1087
19008
578
7746
19525
6213
3657
14411
5196
19538
6237
19550
11875
4198
14957
20079
6770
4211
6260
3190
2679
12925
10877
21630
12930
144
19604
14484
20122
4254
7331
19619
10405
5289
7850
10929
5810
21176
6841
21181
16063
6848
3265
20161
12994
17603
4808
6859
7884
5840
19155
10964
14558
10976
6881
10474
20204
14573
20207
12018
4850
15092
12530
5878
19706
15098
15620
11525
22790
5380
19716
8968
6412
14605
11536
16144
20756
14613
8983
792
4384
14113
16168
6441
16172
813
5421
4399
1327
7989
1335
10552
22844
20798
15681
13121
5449
843
6987
9553
22354
8532
5460
6998
7001
3420
12638
12640
14693
9062
2406
874
19823
15731
7027
22391
9080
7034
4481
12162
17795
13702
8584
2443
13199
1423
20888
16800
20898
1444
4517
934
3494
17830
19881
16298
5035
16806
16304
5040
7609
10170
7102
959
7620
10694
2503
7112
10706
20947
16853
982
2522
18917
21478
6117
16870
10730
4588
10740
18420
9209
4605
